1581 1068
1581 1167
1678 1167
1678 1231
1581 1231
1581 1308
1522 1308
1522 1231
1448 1231
1448 1167
1522 1167
1522 1068

463 53
463 133
547 133
547 186
463 186
463 251
370 251
370 186
284 186
284 133
370 133
370 53

736 679
736 740
791 740
791 836
736 836
736 924
642 924
642 836
583 836
583 740
642 740
642 679

1210 1818
1210 1907
1284 1907
1284 1960
1210 1960
1210 2058
1131 2058
1131 1960
1044 1960
1044 1907
1131 1907
1131 1818

767 452
767 527
831 527
831 600
767 600
767 691
714 691
714 600
654 600
654 527
714 527
714 452

1361 1459
1361 1541
1413 1541
1413 1606
1361 1606
1361 1701
1269 1701
1269 1606
1206 1606
1206 1541
1269 1541
1269 1459

1777 1452
1777 1549
1836 1549
1836 1634
1777 1634
1777 1684
1682 1684
1682 1634
1590 1634
1590 1549
1682 1549
1682 1452

1990 1941
1990 2017
2074 2017
2074 2081
1990 2081
1990 2137
1932 2137
1932 2081
1835 2081
1835 2017
1932 2017
1932 1941

1596 957
1596 1046
1675 1046
1675 1140
1596 1140
1596 1237
1502 1237
1502 1140
1416 1140
1416 1046
1502 1046
1502 957

1713 421
1713 505
1773 505
1773 593
1713 593
1713 659
1659 659
1659 593
1565 593
1565 505
1659 505
1659 421

443 826
443 902
535 902
535 989
443 989
443 1040
367 1040
367 989
311 989
311 902
367 902
367 826

972 1788
972 1855
1062 1855
1062 1913
972 1913
972 1996
914 1996
914 1913
816 1913
816 1855
914 1855
914 1788

1392 1735
1392 1824
1446 1824
1446 1923
1392 1923
1392 1979
1334 1979
1334 1923
1281 1923
1281 1824
1334 1824
1334 1735

1248 1775
1248 1859
1338 1859
1338 1951
1248 1951
1248 2021
1180 2021
1180 1951
1127 1951
1127 1859
1180 1859
1180 1775

991 91
991 172
1071 172
1071 224
991 224
991 296
923 296
923 224
866 224
866 172
923 172
923 91

1724 1507
1724 1580
1780 1580
1780 1670
1724 1670
1724 1753
1626 1753
1626 1670
1533 1670
1533 1580
1626 1580
1626 1507

705 976
705 1074
755 1074
755 1126
705 1126
705 1225
606 1225
606 1126
554 1126
554 1074
606 1074
606 976

458 416
458 475
550 475
550 538
458 538
458 610
406 610
406 538
354 538
354 475
406 475
406 416

695 1265
695 1321
761 1321
761 1387
695 1387
695 1465
619 1465
619 1387
562 1387
562 1321
619 1321
619 1265

1618 512
1618 590
1671 590
1671 646
1618 646
1618 723
1562 723
1562 646
1495 646
1495 590
1562 590
1562 512

1615 1043
1615 1119
1711 1119
1711 1212
1615 1212
1615 1278
1519 1278
1519 1212
1435 1212
1435 1119
1519 1119
1519 1043

987 1787
987 1848
1059 1848
1059 1924
987 1924
987 2011
909 2011
909 1924
845 1924
845 1848
909 1848
909 1787

839 450
839 527
910 527
910 609
839 609
839 685
789 685
789 609
723 609
723 527
789 527
789 450

63 852
63 934
149 934
149 1016
63 1016
63 1066
-18 1066
-18 1016
-87 1016
-87 934
-18 934
-18 852

1812 1263
1812 1340
1864 1340
1864 1428
1812 1428
1812 1513
1745 1513
1745 1428
1688 1428
1688 1340
1745 1340
1745 1263

60 1420
60 1507
153 1507
153 1591
60 1591
60 1685
-15 1685
-15 1591
-114 1591
-114 1507
-15 1507
-15 1420

59 1204
59 1290
124 1290
124 1375
59 1375
59 1453
-40 1453
-40 1375
-111 1375
-111 1290
-40 1290
-40 1204

1264 1982
1264 2070
1337 2070
1337 2155
1264 2155
1264 2205
1180 2205
1180 2155
1116 2155
1116 2070
1180 2070
1180 1982

1376 1272
1376 1356
1466 1356
1466 1407
1376 1407
1376 1478
1296 1478
1296 1407
1216 1407
1216 1356
1296 1356
1296 1272

1832 147
1832 210
1930 210
1930 292
1832 292
1832 377
1766 377
1766 292
1711 292
1711 210
1766 210
1766 147

880 1146
880 1208
954 1208
954 1292
880 1292
880 1380
784 1380
784 1292
711 1292
711 1208
784 1208
784 1146

586 1846
586 1913
656 1913
656 1999
586 1999
586 2083
501 2083
501 1999
433 1999
433 1913
501 1913
501 1846

1358 1973
1358 2033
1441 2033
1441 2111
1358 2111
1358 2179
1291 2179
1291 2111
1223 2111
1223 2033
1291 2033
1291 1973

890 269
890 338
984 338
984 388
890 388
890 443
804 443
804 388
731 388
731 338
804 338
804 269

578 542
578 608
672 608
672 699
578 699
578 752
516 752
516 699
417 699
417 608
516 608
516 542

1254 1297
1254 1358
1316 1358
1316 1457
1254 1457
1254 1523
1201 1523
1201 1457
1102 1457
1102 1358
1201 1358
1201 1297

1114 1115
1114 1178
1168 1178
1168 1236
1114 1236
1114 1293
1036 1293
1036 1236
986 1236
986 1178
1036 1178
1036 1115

580 1565
580 1624
637 1624
637 1691
580 1691
580 1764
493 1764
493 1691
427 1691
427 1624
493 1624
493 1565

1219 63
1219 137
1311 137
1311 209
1219 209
1219 297
1162 297
1162 209
1083 209
1083 137
1162 137
1162 63

732 915
732 985
827 985
827 1048
732 1048
732 1106
642 1106
642 1048
576 1048
576 985
642 985
642 915

1382 430
1382 503
1463 503
1463 597
1382 597
1382 653
1318 653
1318 597
1228 597
1228 503
1318 503
1318 430

1500 146
1500 231
1590 231
1590 326
1500 326
1500 416
1426 416
1426 326
1329 326
1329 231
1426 231
1426 146

41 621
41 696
106 696
106 785
41 785
41 841
-46 841
-46 785
-97 785
-97 696
-46 696
-46 621

1478 1144
1478 1225
1549 1225
1549 1279
1478 1279
1478 1343
1417 1343
1417 1279
1345 1279
1345 1225
1417 1225
1417 1144

140 1411
140 1462
209 1462
209 1555
140 1555
140 1643
63 1643
63 1555
4 1555
4 1462
63 1462
63 1411

939 1088
939 1159
1008 1159
1008 1210
939 1210
939 1294
868 1294
868 1210
780 1210
780 1159
868 1159
868 1088

997 328
997 393
1081 393
1081 453
997 453
997 533
919 533
919 453
846 453
846 393
919 393
919 328

1306 807
1306 876
1394 876
1394 972
1306 972
1306 1041
1234 1041
1234 972
1180 972
1180 876
1234 876
1234 807

173 711
173 805
244 805
244 888
173 888
173 980
121 980
121 888
46 888
46 805
121 805
121 711

288 77
288 147
369 147
369 232
288 232
288 329
212 329
212 232
137 232
137 147
212 147
212 77

679 1503
679 1557
777 1557
777 1620
679 1620
679 1679
619 1679
619 1620
546 1620
546 1557
619 1557
619 1503

180 929
180 1027
271 1027
271 1122
180 1122
180 1205
93 1205
93 1122
7 1122
7 1027
93 1027
93 929

1469 56
1469 130
1550 130
1550 215
1469 215
1469 267
1397 267
1397 215
1316 215
1316 130
1397 130
1397 56

1512 715
1512 804
1607 804
1607 855
1512 855
1512 947
1417 947
1417 855
1326 855
1326 804
1417 804
1417 715

1366 868
1366 932
1437 932
1437 993
1366 993
1366 1057
1301 1057
1301 993
1204 993
1204 932
1301 932
1301 868

549 963
549 1059
620 1059
620 1130
549 1130
549 1205
496 1205
496 1130
419 1130
419 1059
496 1059
496 963

1337 1841
1337 1925
1412 1925
1412 1991
1337 1991
1337 2053
1244 2053
1244 1991
1190 1991
1190 1925
1244 1925
1244 1841

1640 851
1640 947
1728 947
1728 1033
1640 1033
1640 1098
1582 1098
1582 1033
1531 1033
1531 947
1582 947
1582 851

447 1730
447 1780
530 1780
530 1842
447 1842
447 1930
397 1930
397 1842
302 1842
302 1780
397 1780
397 1730

219 332
219 407
290 407
290 475
219 475
219 542
167 542
167 475
95 475
95 407
167 407
167 332

1243 1342
1243 1396
1313 1396
1313 1493
1243 1493
1243 1565
1177 1565
1177 1493
1127 1493
1127 1396
1177 1396
1177 1342

198 635
198 719
294 719
294 797
198 797
198 877
124 877
124 797
63 797
63 719
124 719
124 635

997 1396
997 1449
1054 1449
1054 1507
997 1507
997 1585
935 1585
935 1507
869 1507
869 1449
935 1449
935 1396

663 324
663 398
750 398
750 457
663 457
663 514
593 514
593 457
496 457
496 398
593 398
593 324

1473 418
1473 500
1558 500
1558 593
1473 593
1473 654
1403 654
1403 593
1330 593
1330 500
1403 500
1403 418

680 1486
680 1563
754 1563
754 1657
680 1657
680 1755
621 1755
621 1657
540 1657
540 1563
621 1563
621 1486

718 572
718 648
774 648
774 745
718 745
718 816
624 816
624 745
546 745
546 648
624 648
624 572

1904 1365
1904 1420
1993 1420
1993 1502
1904 1502
1904 1573
1814 1573
1814 1502
1740 1502
1740 1420
1814 1420
1814 1365

525 1915
525 1997
597 1997
597 2056
525 2056
525 2141
445 2141
445 2056
359 2056
359 1997
445 1997
445 1915

1082 920
1082 1008
1154 1008
1154 1104
1082 1104
1082 1189
1023 1189
1023 1104
964 1104
964 1008
1023 1008
1023 920

44 1923
44 1975
100 1975
100 2056
44 2056
44 2110
-40 2110
-40 2056
-96 2056
-96 1975
-40 1975
-40 1923

888 637
888 700
964 700
964 768
888 768
888 846
838 846
838 768
781 768
781 700
838 700
838 637

231 1684
231 1735
327 1735
327 1798
231 1798
231 1870
173 1870
173 1798
79 1798
79 1735
173 1735
173 1684

360 171
360 245
442 245
442 315
360 315
360 380
265 380
265 315
196 315
196 245
265 245
265 171

549 772
549 848
635 848
635 901
549 901
549 995
457 995
457 901
369 901
369 848
457 848
457 772

311 988
311 1078
409 1078
409 1175
311 1175
311 1262
229 1262
229 1175
177 1175
177 1078
229 1078
229 988

1682 1099
1682 1150
1761 1150
1761 1220
1682 1220
1682 1294
1607 1294
1607 1220
1535 1220
1535 1150
1607 1150
1607 1099

1919 1716
1919 1804
2017 1804
2017 1894
1919 1894
1919 1990
1869 1990
1869 1894
1791 1894
1791 1804
1869 1804
1869 1716

631 777
631 853
723 853
723 904
631 904
631 981
552 981
552 904
499 904
499 853
552 853
552 777

1038 306
1038 369
1113 369
1113 422
1038 422
1038 487
984 487
984 422
924 422
924 369
984 369
984 306

919 1261
919 1313
975 1313
975 1368
919 1368
919 1434
866 1434
866 1368
806 1368
806 1313
866 1313
866 1261

1183 1673
1183 1749
1270 1749
1270 1845
1183 1845
1183 1897
1103 1897
1103 1845
1044 1845
1044 1749
1103 1749
1103 1673

1396 1843
1396 1901
1472 1901
1472 1962
1396 1962
1396 2036
1332 2036
1332 1962
1262 1962
1262 1901
1332 1901
1332 1843

997 129
997 204
1071 204
1071 262
997 262
997 339
942 339
942 262
850 262
850 204
942 204
942 129

1283 1787
1283 1843
1368 1843
1368 1908
1283 1908
1283 1975
1192 1975
1192 1908
1138 1908
1138 1843
1192 1843
1192 1787

35 1953
35 2034
119 2034
119 2090
35 2090
35 2156
-35 2156
-35 2090
-116 2090
-116 2034
-35 2034
-35 1953

1862 1081
1862 1170
1915 1170
1915 1251
1862 1251
1862 1317
1780 1317
1780 1251
1718 1251
1718 1170
1780 1170
1780 1081

1545 689
1545 781
1624 781
1624 874
1545 874
1545 926
1467 926
1467 874
1398 874
1398 781
1467 781
1467 689

1662 1196
1662 1265
1735 1265
1735 1341
1662 1341
1662 1439
1600 1439
1600 1341
1530 1341
1530 1265
1600 1265
1600 1196

1378 1369
1378 1451
1476 1451
1476 1543
1378 1543
1378 1630
1321 1630
1321 1543
1271 1543
1271 1451
1321 1451
1321 1369

381 1815
381 1907
459 1907
459 1991
381 1991
381 2083
311 2083
311 1991
217 1991
217 1907
311 1907
311 1815

403 1273
403 1330
484 1330
484 1390
403 1390
403 1460
312 1460
312 1390
228 1390
228 1330
312 1330
312 1273

1400 1863
1400 1919
1455 1919
1455 2006
1400 2006
1400 2061
1308 2061
1308 2006
1212 2006
1212 1919
1308 1919
1308 1863

701 530
701 623
788 623
788 715
701 715
701 808
646 808
646 715
565 715
565 623
646 623
646 530

1299 1807
1299 1897
1356 1897
1356 1991
1299 1991
1299 2054
1200 2054
1200 1991
1120 1991
1120 1897
1200 1897
1200 1807

29 938
29 1005
83 1005
83 1081
29 1081
29 1161
-38 1161
-38 1081
-97 1081
-97 1005
-38 1005
-38 938

986 652
986 702
1075 702
1075 767
986 767
986 850
926 850
926 767
855 767
855 702
926 702
926 652

1549 1608
1549 1658
1642 1658
1642 1744
1549 1744
1549 1813
1457 1813
1457 1744
1393 1744
1393 1658
1457 1658
1457 1608

1970 1476
1970 1538
2033 1538
2033 1600
1970 1600
1970 1689
1877 1689
1877 1600
1819 1600
1819 1538
1877 1538
1877 1476

573 570
573 666
672 666
672 725
573 725
573 801
478 801
478 725
423 725
423 666
478 666
478 570

