11 1400
11 1467
98 1467
98 1525
11 1525
11 1617
-47 1617
-47 1525
-120 1525
-120 1467
-47 1467
-47 1400

11 1400
11 1495
99 1495
99 1566
11 1566
11 1641
-52 1641
-52 1566
-102 1566
-102 1495
-52 1495
-52 1400

11 1400
11 1475
98 1475
98 1539
11 1539
11 1622
-65 1622
-65 1539
-116 1539
-116 1475
-65 1475
-65 1400

11 1400
11 1459
109 1459
109 1511
11 1511
11 1579
-53 1579
-53 1511
-109 1511
-109 1459
-53 1459
-53 1400

11 1400
11 1495
68 1495
68 1559
11 1559
11 1657
-51 1657
-51 1559
-139 1559
-139 1495
-51 1495
-51 1400

11 1400
11 1488
66 1488
66 1565
11 1565
11 1661
-39 1661
-39 1565
-114 1565
-114 1488
-39 1488
-39 1400

11 1400
11 1490
89 1490
89 1561
11 1561
11 1627
-40 1627
-40 1561
-129 1561
-129 1490
-40 1490
-40 1400

11 1400
11 1461
95 1461
95 1542
11 1542
11 1620
-85 1620
-85 1542
-142 1542
-142 1461
-85 1461
-85 1400

11 1400
11 1489
77 1489
77 1588
11 1588
11 1677
-79 1677
-79 1588
-164 1588
-164 1489
-79 1489
-79 1400

11 1400
11 1464
71 1464
71 1514
11 1514
11 1577
-65 1577
-65 1514
-155 1514
-155 1464
-65 1464
-65 1400

11 1400
11 1493
90 1493
90 1566
11 1566
11 1616
-66 1616
-66 1566
-116 1566
-116 1493
-66 1493
-66 1400

11 1400
11 1486
109 1486
109 1571
11 1571
11 1645
-52 1645
-52 1571
-109 1571
-109 1486
-52 1486
-52 1400

11 1400
11 1468
100 1468
100 1520
11 1520
11 1572
-85 1572
-85 1520
-141 1520
-141 1468
-85 1468
-85 1400

11 1400
11 1478
99 1478
99 1547
11 1547
11 1626
-85 1626
-85 1547
-136 1547
-136 1478
-85 1478
-85 1400

11 1400
11 1464
62 1464
62 1529
11 1529
11 1592
-79 1592
-79 1529
-139 1529
-139 1464
-79 1464
-79 1400

11 1400
11 1479
87 1479
87 1530
11 1530
11 1623
-64 1623
-64 1530
-128 1530
-128 1479
-64 1479
-64 1400

11 1400
11 1481
61 1481
61 1542
11 1542
11 1629
-51 1629
-51 1542
-134 1542
-134 1481
-51 1481
-51 1400

11 1400
11 1471
97 1471
97 1547
11 1547
11 1614
-80 1614
-80 1547
-178 1547
-178 1471
-80 1471
-80 1400

11 1400
11 1497
85 1497
85 1576
11 1576
11 1642
-84 1642
-84 1576
-178 1576
-178 1497
-84 1497
-84 1400

11 1400
11 1461
76 1461
76 1518
11 1518
11 1608
-41 1608
-41 1518
-108 1518
-108 1461
-41 1461
-41 1400

11 1400
11 1459
101 1459
101 1540
11 1540
11 1596
-81 1596
-81 1540
-140 1540
-140 1459
-81 1459
-81 1400

11 1400
11 1455
72 1455
72 1510
11 1510
11 1609
-41 1609
-41 1510
-124 1510
-124 1455
-41 1455
-41 1400

11 1400
11 1467
67 1467
67 1528
11 1528
11 1592
-86 1592
-86 1528
-166 1528
-166 1467
-86 1467
-86 1400

11 1400
11 1466
106 1466
106 1529
11 1529
11 1613
-69 1613
-69 1529
-137 1529
-137 1466
-69 1466
-69 1400

11 1400
11 1479
89 1479
89 1532
11 1532
11 1590
-75 1590
-75 1532
-161 1532
-161 1479
-75 1479
-75 1400

11 1400
11 1486
84 1486
84 1550
11 1550
11 1616
-58 1616
-58 1550
-153 1550
-153 1486
-58 1486
-58 1400

11 1400
11 1461
65 1461
65 1554
11 1554
11 1618
-46 1618
-46 1554
-120 1554
-120 1461
-46 1461
-46 1400

11 1400
11 1485
68 1485
68 1552
11 1552
11 1610
-51 1610
-51 1552
-139 1552
-139 1485
-51 1485
-51 1400

11 1400
11 1450
63 1450
63 1507
11 1507
11 1588
-76 1588
-76 1507
-137 1507
-137 1450
-76 1450
-76 1400

11 1400
11 1453
80 1453
80 1512
11 1512
11 1578
-72 1578
-72 1512
-134 1512
-134 1453
-72 1453
-72 1400

11 1400
11 1458
93 1458
93 1535
11 1535
11 1602
-39 1602
-39 1535
-130 1535
-130 1458
-39 1458
-39 1400

11 1400
11 1471
94 1471
94 1545
11 1545
11 1598
-48 1598
-48 1545
-145 1545
-145 1471
-48 1471
-48 1400

11 1400
11 1454
106 1454
106 1517
11 1517
11 1606
-43 1606
-43 1517
-137 1517
-137 1454
-43 1454
-43 1400

11 1400
11 1493
63 1493
63 1567
11 1567
11 1623
-82 1623
-82 1567
-136 1567
-136 1493
-82 1493
-82 1400

11 1400
11 1466
84 1466
84 1537
11 1537
11 1604
-41 1604
-41 1537
-117 1537
-117 1466
-41 1466
-41 1400

11 1400
11 1454
94 1454
94 1532
11 1532
11 1598
-67 1598
-67 1532
-134 1532
-134 1454
-67 1454
-67 1400

11 1400
11 1474
104 1474
104 1549
11 1549
11 1634
-57 1634
-57 1549
-110 1549
-110 1474
-57 1474
-57 1400

11 1400
11 1473
110 1473
110 1570
11 1570
11 1631
-57 1631
-57 1570
-121 1570
-121 1473
-57 1473
-57 1400

11 1400
11 1460
92 1460
92 1546
11 1546
11 1620
-61 1620
-61 1546
-137 1546
-137 1460
-61 1460
-61 1400

11 1400
11 1470
87 1470
87 1522
11 1522
11 1615
-53 1615
-53 1522
-114 1522
-114 1470
-53 1470
-53 1400

11 1400
11 1464
96 1464
96 1533
11 1533
11 1592
-44 1592
-44 1533
-141 1533
-141 1464
-44 1464
-44 1400

11 1400
11 1456
73 1456
73 1554
11 1554
11 1648
-64 1648
-64 1554
-148 1554
-148 1456
-64 1456
-64 1400

11 1400
11 1477
101 1477
101 1555
11 1555
11 1654
-62 1654
-62 1555
-157 1555
-157 1477
-62 1477
-62 1400

11 1400
11 1490
101 1490
101 1545
11 1545
11 1617
-59 1617
-59 1545
-145 1545
-145 1490
-59 1490
-59 1400

11 1400
11 1456
100 1456
100 1528
11 1528
11 1583
-84 1583
-84 1528
-171 1528
-171 1456
-84 1456
-84 1400

11 1400
11 1475
79 1475
79 1525
11 1525
11 1616
-46 1616
-46 1525
-110 1525
-110 1475
-46 1475
-46 1400

11 1400
11 1461
70 1461
70 1522
11 1522
11 1583
-69 1583
-69 1522
-128 1522
-128 1461
-69 1461
-69 1400

11 1400
11 1476
108 1476
108 1569
11 1569
11 1641
-82 1641
-82 1569
-167 1569
-167 1476
-82 1476
-82 1400

11 1400
11 1471
81 1471
81 1552
11 1552
11 1635
-41 1635
-41 1552
-123 1552
-123 1471
-41 1471
-41 1400

11 1400
11 1495
63 1495
63 1557
11 1557
11 1608
-63 1608
-63 1557
-134 1557
-134 1495
-63 1495
-63 1400

11 1400
11 1469
83 1469
83 1526
11 1526
11 1581
-67 1581
-67 1526
-129 1526
-129 1469
-67 1469
-67 1400

11 1400
11 1476
78 1476
78 1530
11 1530
11 1618
-76 1618
-76 1530
-161 1530
-161 1476
-76 1476
-76 1400

11 1400
11 1455
95 1455
95 1542
11 1542
11 1640
-74 1640
-74 1542
-142 1542
-142 1455
-74 1455
-74 1400

11 1400
11 1483
94 1483
94 1577
11 1577
11 1675
-88 1675
-88 1577
-154 1577
-154 1483
-88 1483
-88 1400

11 1400
11 1472
93 1472
93 1546
11 1546
11 1645
-41 1645
-41 1546
-107 1546
-107 1472
-41 1472
-41 1400

11 1400
11 1454
76 1454
76 1544
11 1544
11 1617
-78 1617
-78 1544
-128 1544
-128 1454
-78 1454
-78 1400

11 1400
11 1473
80 1473
80 1550
11 1550
11 1618
-68 1618
-68 1550
-132 1550
-132 1473
-68 1473
-68 1400

11 1400
11 1466
99 1466
99 1558
11 1558
11 1645
-66 1645
-66 1558
-161 1558
-161 1466
-66 1466
-66 1400

11 1400
11 1473
66 1473
66 1539
11 1539
11 1622
-48 1622
-48 1539
-137 1539
-137 1473
-48 1473
-48 1400

11 1400
11 1459
69 1459
69 1536
11 1536
11 1616
-62 1616
-62 1536
-139 1536
-139 1459
-62 1459
-62 1400

11 1400
11 1477
65 1477
65 1568
11 1568
11 1630
-52 1630
-52 1568
-119 1568
-119 1477
-52 1477
-52 1400

11 1400
11 1450
64 1450
64 1549
11 1549
11 1638
-71 1638
-71 1549
-163 1549
-163 1450
-71 1450
-71 1400

11 1400
11 1461
62 1461
62 1530
11 1530
11 1580
-40 1580
-40 1530
-137 1530
-137 1461
-40 1461
-40 1400

11 1400
11 1464
79 1464
79 1537
11 1537
11 1633
-52 1633
-52 1537
-102 1537
-102 1464
-52 1464
-52 1400

11 1400
11 1489
82 1489
82 1555
11 1555
11 1636
-82 1636
-82 1555
-155 1555
-155 1489
-82 1489
-82 1400

11 1400
11 1467
92 1467
92 1558
11 1558
11 1635
-84 1635
-84 1558
-180 1558
-180 1467
-84 1467
-84 1400

11 1400
11 1487
83 1487
83 1564
11 1564
11 1647
-64 1647
-64 1564
-139 1564
-139 1487
-64 1487
-64 1400

11 1400
11 1466
101 1466
101 1563
11 1563
11 1639
-72 1639
-72 1563
-164 1563
-164 1466
-72 1466
-72 1400

11 1400
11 1498
95 1498
95 1573
11 1573
11 1627
-61 1627
-61 1573
-148 1573
-148 1498
-61 1498
-61 1400

11 1400
11 1493
85 1493
85 1581
11 1581
11 1655
-67 1655
-67 1581
-152 1581
-152 1493
-67 1493
-67 1400

11 1400
11 1482
90 1482
90 1567
11 1567
11 1633
-58 1633
-58 1567
-120 1567
-120 1482
-58 1482
-58 1400

11 1400
11 1497
107 1497
107 1558
11 1558
11 1634
-52 1634
-52 1558
-116 1558
-116 1497
-52 1497
-52 1400

11 1400
11 1471
79 1471
79 1529
11 1529
11 1608
-78 1608
-78 1529
-134 1529
-134 1471
-78 1471
-78 1400

11 1400
11 1495
83 1495
83 1577
11 1577
11 1639
-55 1639
-55 1577
-117 1577
-117 1495
-55 1495
-55 1400

11 1400
11 1489
100 1489
100 1571
11 1571
11 1633
-85 1633
-85 1571
-152 1571
-152 1489
-85 1489
-85 1400

11 1400
11 1484
73 1484
73 1562
11 1562
11 1650
-61 1650
-61 1562
-135 1562
-135 1484
-61 1484
-61 1400

11 1400
11 1495
71 1495
71 1593
11 1593
11 1672
-83 1672
-83 1593
-179 1593
-179 1495
-83 1495
-83 1400

11 1400
11 1485
79 1485
79 1541
11 1541
11 1602
-47 1602
-47 1541
-121 1541
-121 1485
-47 1485
-47 1400

11 1400
11 1484
96 1484
96 1535
11 1535
11 1590
-60 1590
-60 1535
-142 1535
-142 1484
-60 1484
-60 1400

11 1400
11 1490
92 1490
92 1557
11 1557
11 1620
-60 1620
-60 1557
-140 1557
-140 1490
-60 1490
-60 1400

11 1400
11 1462
65 1462
65 1552
11 1552
11 1604
-75 1604
-75 1552
-165 1552
-165 1462
-75 1462
-75 1400

11 1400
11 1471
90 1471
90 1527
11 1527
11 1579
-65 1579
-65 1527
-137 1527
-137 1471
-65 1471
-65 1400

11 1400
11 1472
67 1472
67 1545
11 1545
11 1604
-55 1604
-55 1545
-151 1545
-151 1472
-55 1472
-55 1400

11 1400
11 1493
107 1493
107 1572
11 1572
11 1671
-76 1671
-76 1572
-170 1572
-170 1493
-76 1493
-76 1400

11 1400
11 1498
85 1498
85 1551
11 1551
11 1640
-81 1640
-81 1551
-156 1551
-156 1498
-81 1498
-81 1400

11 1400
11 1456
102 1456
102 1514
11 1514
11 1592
-59 1592
-59 1514
-114 1514
-114 1456
-59 1456
-59 1400

11 1400
11 1466
65 1466
65 1556
11 1556
11 1612
-56 1612
-56 1556
-152 1556
-152 1466
-56 1466
-56 1400

11 1400
11 1495
76 1495
76 1575
11 1575
11 1637
-43 1637
-43 1575
-137 1575
-137 1495
-43 1495
-43 1400

11 1400
11 1481
97 1481
97 1561
11 1561
11 1641
-51 1641
-51 1561
-110 1561
-110 1481
-51 1481
-51 1400

11 1400
11 1479
73 1479
73 1569
11 1569
11 1664
-80 1664
-80 1569
-139 1569
-139 1479
-80 1479
-80 1400

11 1400
11 1489
82 1489
82 1560
11 1560
11 1638
-54 1638
-54 1560
-120 1560
-120 1489
-54 1489
-54 1400

11 1400
11 1473
65 1473
65 1525
11 1525
11 1589
-70 1589
-70 1525
-145 1525
-145 1473
-70 1473
-70 1400

11 1400
11 1450
100 1450
100 1543
11 1543
11 1637
-40 1637
-40 1543
-112 1543
-112 1450
-40 1450
-40 1400

11 1400
11 1466
61 1466
61 1516
11 1516
11 1608
-58 1608
-58 1516
-135 1516
-135 1466
-58 1466
-58 1400

11 1400
11 1461
62 1461
62 1546
11 1546
11 1630
-72 1630
-72 1546
-157 1546
-157 1461
-72 1461
-72 1400

11 1400
11 1461
72 1461
72 1558
11 1558
11 1645
-71 1645
-71 1558
-136 1558
-136 1461
-71 1461
-71 1400

11 1400
11 1460
62 1460
62 1536
11 1536
11 1632
-54 1632
-54 1536
-148 1536
-148 1460
-54 1460
-54 1400

11 1400
11 1463
105 1463
105 1538
11 1538
11 1601
-86 1601
-86 1538
-164 1538
-164 1463
-86 1463
-86 1400

11 1400
11 1460
65 1460
65 1537
11 1537
11 1618
-88 1618
-88 1537
-146 1537
-146 1460
-88 1460
-88 1400

11 1400
11 1469
73 1469
73 1532
11 1532
11 1592
-73 1592
-73 1532
-152 1532
-152 1469
-73 1469
-73 1400

